0.114007
0.12205
0.291774
0.849213
0.727584
0.509643
0.564091
0.684552
0.262048
0.234422
0.934596
0.760736
0.685196
0.0898295
0.764318
0.897853
0.218252
0.158156
0.124114
0.990851
0.23364
0.795727
0.77969
0.248322
0.541607
0.789987
0.310641
0.951774
0.465801
0.714478
0.23061
0.863461
0.187381
0.311463
0.762029
0.416002
0.753917
0.0803996
0.275254
0.188392
0.300343
0.86412
0.267814
0.144236
0.176297
0.0170773
0.0188347
0.555138
0.196087
0.634969
0.924391
0.241721
0.606086
0.494315
0.955946
0.588864
0.0394213
0.554258
0.413375
0.588439
0.901248
0.27844
0.733976
0.938566
0.485323
0.830243
0.891999
0.832846
0.650341
0.284721
0.302689
0.300624
0.580009
0.203588
0.709599
0.234389
0.374721
0.941985
0.947262
0.635342
0.194456
0.214541
0.787542
0.212905
0.29713
0.865154
0.645523
0.306718
0.0117251
0.0632508
0.0566209
0.627256
0.297153
0.246627
0.0603928
0.0213326
0.536455
0.203937
0.565281
0.67594
0.521182
0.51204
0.861527
0.679594
0.929263
0.116837
0.679092
0.502955
0.168006
0.675319
0.086519
0.125243
0.953604
0.218204
0.354638
0.402481
0.503632
0.541896
0.648996
0.677948
0.271664
0.858856
0.786593
0.260401
0.560482
0.0257134
0.164323
0.781166
0.0643141
0.927932
0.746499
0.404647
0.897971
0.195075
0.630374
0.694421
0.134423
0.246302
0.601805
0.544076
0.292832
0.624275
0.195108
0.182884
0.736113
0.847749
0.111016
0.837698
0.186794
0.454558
0.757827
0.804175
0.762566
0.448775
0.565951
0.94059
0.490413
0.364382
0.169407
0.219746
0.265328
0.373847
0.243375
0.405804
0.346991
0.885492
0.459164
0.167209
0.283728
0.618756
0.436909
0.133971
0.657009
0.356341
0.0183013
0.590705
0.972019
0.720452
0.642184
0.189248
0.688638
0.932279
0.805139
0.975469
0.71071
0.905672
0.628979
0.247487
0.521841
0.573197
0.716727
0.0379529
0.875063
0.176049
0.857354
0.552899
0.570786
0.19232
0.315517
0.897899
0.981158
0.330206
0.775317
0.747061
0.851176
0.718251
0.641834
0.302057
0.675952
0.71879
0.709653
0.140307
0.136775
0.76924
0.617333
0.508607
0.158191
0.722957
0.736249
0.130474
0.869221
0.997628
0.129423
0.207461
0.802663
0.35443
0.9134
0.510762
0.377603
0.375033
0.18307
0.857848
0.851456
0.428301
0.450419
0.18585
0.581046
0.632075
0.289251
0.437148
0.142951
0.573608
0.626582
0.961878
0.280397
0.625624
0.854662
0.304753
0.980174
0.777654
0.0364519
0.647567
0.664362
0.928607
0.0936072
0.256013
0.807987
0.840745
0.406139
0.984474
0.0535092
0.329242
0.571586
0.647414
0.080893
0.567816
0.287961
0.764765
0.408452
0.851257
0.0724162
0.0991651
0.668535
0.0736778
0.302811
0.341827
0.082072
0.383275
0.709156
0.790346
0.339067
0.695385
0.332933
0.610245
0.383339
0.774873
0.290957
0.11579
0.0838488
0.247652
0.282647
0.448729
0.783369
0.0825399
0.24743
0.561741
0.175036
0.833827
0.133019
0.654213
0.357866
0.65906
0.823757
0.8842
0.74131
0.198161
0.494455
0.307324
0.196547
0.369238
0.775843
0.600484
0.343257
0.126878
0.43057
0.584035
0.876302
0.999991
0.843316
0.613481
0.78145
0.824359
0.999907
0.43709
0.166783
0.128368
0.485955
0.448223
0.288409
0.284231
0.0737708
0.866347
0.698066
0.402129
0.589331
0.882312
0.0186719
0.818405
0.930791
0.810299
0.68761
0.661376
0.738852
0.885873
0.862887
0.542375
0.692876
0.164299
0.376974
0.795245
0.691067
0.760436
0.640671
0.750793
0.575871
0.662071
0.431542
0.919812
0.28151
0.34327
0.338776
0.816184
0.598133
0.828623
0.672944
0.163286
0.346465
0.0436589
0.774547
0.810065
0.755838
0.365057
0.515114
0.525848
0.921992
0.921143
0.653805
0.502163
0.845091
0.451647
0.834888
0.960518
0.424917
0.586767
0.786965
0.527444
0.759716
0.543514
0.843962
0.474197
0.822358
0.374812
0.457178
0.794584
0.581324
0.318646
0.484471
0.504974
0.0976489
0.185181
0.32862
0.12487
0.692422
0.540774
0.785224
0.251791
0.853263
0.784283
0.438534
0.436941
0.674734
0.260481
0.906078
0.449167
0.142974
0.956998
0.26821
0.799796
0.174409
0.294283
0.00832269
0.879367
0.526059
0.470687
0.837345
0.263837
0.31418
0.428017
0.677586
0.181129
0.231358
0.435623
0.517187
0.366957
0.454199
0.714673
0.506446
0.846217
0.37346
0.745282
0.947989
0.848869
0.936658
0.411751
0.296066
0.985688
0.463905
0.858478
0.446944
0.785107
0.292107
0.4488
0.989632
0.738751
0.18453
0.389274
0.523804
0.575298
0.0256271
0.715294
0.954305
0.00572571
0.231956
0.490794
0.768176
0.728413
0.429341
0.938722
0.108816
0.875282
0.863263
0.860869
0.621529
0.0314882
0.22258
0.900094
0.886802
0.478622
0.207999
0.835303
0.930322
0.928299
0.928869
0.49655
0.521791
0.738937
0.314663
0.533028
0.6056
0.31961
0.683928
0.784989
0.307426
0.912643
0.791582
0.110446
0.273562
0.748172
0.526623
0.950612
0.929367
0.878506
0.0459765
0.727349
0.560801
0.383857
0.485606
0.586085
0.328183
0.763379
0.117357
0.419112
0.0124862
0.855514
