0.23779
0.531909
0.797152
0.734077
0.639549
0.908198
0.0909687
0.911672
0.464226
0.239898
0.961609
0.760254
0.581468
0.734012
0.54511
0.663904
0.242713
0.277223
0.293746
0.987282
0.242477
0.318247
0.772076
0.279444
0.614594
0.478435
0.0487126
0.713287
0.218701
0.712246
0.712608
0.803887
0.927474
0.0609494
0.375926
0.182338
0.554976
0.473864
0.240733
0.991988
0.342285
0.776199
0.577412
0.568222
0.11099
0.408468
0.128342
0.0362676
0.549992
0.717806
0.164951
0.333844
0.909419
0.608508
0.193228
0.576444
0.297897
0.756303
0.192499
0.323934
0.365972
0.888984
0.147667
0.837542
0.563489
0.566426
0.921091
0.783755
0.577792
0.957028
0.775131
0.633872
0.486733
0.521977
0.875057
0.0848249
0.652896
0.217263
0.544848
0.2574
0.127241
0.545852
0.134019
0.4513
0.994922
0.646846
0.533943
0.986177
0.669314
0.153239
0.490498
0.80157
0.979595
0.0474816
0.023654
0.552722
0.594597
0.396858
0.990409
0.801681
0.854417
0.187707
0.789796
0.109124
0.0518539
0.507861
0.622312
0.202336
0.667028
0.740315
0.479463
0.339886
0.462446
0.326082
0.46391
0.94305
0.844283
0.856219
0.465433
0.531568
0.0625991
0.102874
0.99666
0.866235
0.815238
0.698747
0.838944
0.126825
0.540531
0.712154
0.172246
0.931038
0.954776
0.917935
0.72656
0.292162
0.374746
0.356885
0.160025
0.540288
0.613899
0.804098
0.470886
0.189145
0.952365
0.405517
0.520016
0.902352
0.831858
0.0291443
0.827916
0.788915
0.293502
0.888925
0.164338
0.035226
0.0439929
0.387901
0.447081
0.0947076
0.751077
0.357407
0.936813
0.0143473
0.135211
0.490742
0.896075
0.341142
0.572684
0.0958721
0.322784
0.0341902
0.634634
0.286603
0.94373
0.267401
0.202583
0.814339
0.587319
0.0737743
0.924544
0.813059
0.0833053
0.111712
0.539489
0.199181
0.642171
0.968826
0.0583723
0.0639842
0.382824
0.118995
0.944186
0.941101
0.083093
0.543513
0.831119
0.620686
0.874025
0.729945
0.186142
0.48256
0.381109
0.301646
0.759069
0.673932
0.77074
0.822914
0.714488
0.392037
0.961879
0.302757
0.429084
0.619068
0.66818
0.0961709
0.34405
0.44292
0.164063
0.414193
0.34621
0.759043
0.228588
0.875981
0.613265
0.146031
0.337926
0.5273
0.32296
0.9901
0.615686
0.838322
0.677455
0.99423
0.0218306
0.907258
0.286774
0.816109
0.34564
0.178698
0.375206
0.0894236
0.941626
0.910275
0.989391
0.695101
0.55553
0.787455
0.760143
0.726744
0.382827
0.173435
0.921041
0.931722
0.453411
0.472417
0.911219
0.863037
0.056995
0.915744
0.909926
0.123011
0.441393
0.496593
0.24267
0.553065
0.365285
0.33803
0.263071
0.431303
0.916483
0.335195
0.620071
0.540595
0.784437
0.0330613
0.660627
0.150701
0.824365
0.10572
0.827985
0.950739
0.0781519
0.499005
0.776422
0.33162
0.535203
0.161178
0.9143
0.646154
0.91148
0.24081
0.297246
0.819978
0.365019
0.870464
0.889776
0.467208
0.368427
0.149227
0.0529438
0.827098
0.0437835
0.869236
0.241372
0.742297
0.779616
0.00237147
0.857272
0.178299
0.668289
0.940345
0.382297
0.258621
0.646549
0.554948
0.0130401
0.164229
0.195012
0.563867
0.908493
0.0415621
0.534175
0.877596
0.756796
0.475936
0.0504429
0.794588
0.647262
0.524511
0.459311
0.632335
0.661624
0.916325
0.679512
0.56011
0.764641
0.328422
0.790226
0.334726
0.736304
0.0543138
0.852809
0.16107
0.108295
0.1177
0.182935
0.595018
0.462308
0.0170998
0.396426
0.727264
0.130462
0.669234
0.812527
0.146625
0.32064
0.00144525
0.290342
0.782322
0.480652
0.316545
0.167463
0.554484
0.211293
0.193967
0.00716042
0.345258
0.75681
0.700834
0.920323
0.869127
0.417452
0.123845
0.470489
0.506427
0.518128
0.177843
0.0145699
0.875808
0.713509
0.948608
0.254395
0.60827
0.201059
0.203015
0.067888
0.99321
0.886833
0.994662
0.283598
0.427827
0.485421
0.468865
0.221778
0.430365
0.145762
0.826752
0.225449
0.12601
0.843509
0.850671
0.230608
0.831357
0.619374
0.818432
0.379188
0.00479463
0.583335
0.103384
0.572185
0.714535
0.190084
0.738598
0.621855
0.524386
0.361499
0.71745
0.188642
0.500364
0.618127
0.86397
0.737533
0.714254
0.46442
0.512126
0.305445
0.612279
0.577576
0.314276
0.0377913
0.159078
0.61743
0.142393
0.197617
0.356386
0.785888
0.422352
0.475204
0.749441
0.854528
0.0493654
0.683462
0.947115
0.158735
0.850624
0.443964
0.705195
0.21723
0.976372
0.878621
0.979058
0.0348696
0.052962
0.131842
0.862178
0.629271
0.160209
0.632987
0.612413
0.825638
0.491618
0.621749
0.740272
0.744239
0.416992
0.387268
0.815389
0.244093
0.479168
0.378946
0.946986
0.00247585
0.611537
0.110436
0.0900488
0.450116
0.093028
0.522318
0.603185
0.723505
0.943816
0.707468
0.418677
0.704833
0.128893
0.310993
0.852747
0.116532
0.548938
0.0089785
0.901728
0.348444
0.293464
0.254441
0.395854
0.111756
0.277798
0.947964
0.425846
0.187671
0.188481
0.797786
0.383739
0.500925
0.0499274
0.130132
0.135075
0.206389
0.77801
0.015305
0.230828
0.527384
0.734438
0.698654
0.279939
0.930964
0.715955
0.064525
0.47132
0.480081
0.714271
0.745199
0.561814
0.401984
0.144412
0.134985
0.694045
0.810443
0.10966
0.0552856
0.184728
0.718149
0.938151
0.498645
0.73139
0.464823
0.273577
0.00983099
0.229494
0.103349
0.979228
0.885554
0.508453
0.570003
0.0448801
0.300593
0.0731964
0.211042
0.97575
0.427796
0.966728
0.801956
0.47905
0.392872
0.997103
0.306678
0.34351
0.366899
0.474212
0.0789927
0.630423
0.511298
0.39106
0.551806
0.209325
0.124481
0.157905
0.906093
0.699931
0.745243
0.307127
0.877087
0.19485
0.845698
0.650831
0.512716
0.215507
0.0211377
0.260752
0.457323
0.224492
0.0391737
0.392265
0.80148
0.478544
0.888942
0.456489
0.20932
0.0350651
0.338675
0.115287
0.622174
0.879556
0.698423
0.392346
0.16546
0.884262
0.784495
0.00148054
0.883456
0.242058
0.274389
0.658142
0.399783
0.157461
0.440488
0.27767
0.80598
0.111684
0.0782502
0.151175
0.798113
0.881951
0.954003
0.923297
0.855412
0.905771
0.289805
0.749972
0.771658
0.259042
0.719411
0.147924
0.166025
0.378751
0.66834
0.797654
0.163148
0.0212198
0.64065
0.410901
0.0212696
0.478534
0.714962
0.371459
0.103007
0.242632
0.922988
0.652575
0.820356
0.7169
0.939321
0.16927
0.914277
0.258311
0.424851
0.463464
0.431309
0.00676049
0.623581
0.527463
0.069867
0.254521
0.727276
0.320275
0.85521
0.508407
0.788274
0.524449
0.418591
0.263419
0.2883
0.456383
0.42335
0.243349
0.959756
0.613832
0.671364
0.612195
0.164047
0.142822
0.404944
0.900101
0.993914
0.704791
0.422438
0.921008
0.382734
0.603724
0.781486
0.439065
0.372401
0.945911
0.924095
0.265496
0.197327
0.473515
0.359866
0.261835
0.657897
0.27002
0.218178
0.913309
0.986608
0.919513
0.260957
0.904478
0.569431
0.425756
0.677471
0.262267
0.927999
0.878333
0.136492
0.028456
0.259854
0.362714
0.134029
0.632731
0.303926
0.0894247
0.961302
0.596274
0.581171
0.741532
0.932365
0.25085
0.0303084
0.392642
0.133991
0.991375
0.0452636
0.744482
0.500291
0.386703
0.31377
0.529323
0.326547
0.268984
0.816872
0.164396
0.00113305
0.0431921
0.92995
0.670413
0.628847
0.0369764
0.462806
0.383575
0.738866
0.128349
0.166639
0.706467
0.591263
0.358849
0.170484
0.331545
0.277725
0.721681
0.295973
0.412158
0.13391
0.630424
0.54467
0.268189
0.4529
0.893487
0.843982
0.799875
0.504336
0.379084
0.265118
0.837635
0.129945
0.986261
0.0819341
0.0663101
0.473128
0.857131
0.802111
0.0858179
0.341658
0.239793
0.199369
0.791111
0.197885
0.859758
0.944564
0.280797
0.347614
0.34552
0.159933
0.991981
0.230195
0.891997
0.797988
0.781033
0.818616
0.475002
0.355348
0.335793
0.666868
0.0461503
0.648197
0.252563
0.823732
0.466741
0.515691
0.210275
0.0964183
0.502881
0.913548
0.00940869
0.131846
0.930197
0.824188
0.126064
0.761284
0.892473
0.799926
0.356377
0.635004
0.505335
0.160197
0.433548
0.634958
0.735212
0.710306
0.114238
0.00332637
0.906284
0.907412
0.876958
0.0363218
0.460653
0.191759
0.889031
0.945894
0.63963
0.261511
0.210681
0.91717
0.869087
0.752289
0.727231
0.574156
0.831715
0.63062
0.836597
0.692638
0.163522
0.311977
0.399382
0.412829
0.410808
0.456293
0.919341
0.363526
0.773779
0.90068
0.725816
0.78744
0.50606
0.352452
0.656042
0.096902
0.632678
0.421738
0.149945
0.129384
0.553404
0.0581699
0.662049
0.0632248
0.619964
0.739442
0.809412
0.779817
0.377916
0.63145
0.776183
0.304789
0.58091
0.355197
0.789773
0.714393
0.811971
0.797831
0.144259
0.55395
0.241506
0.998052
0.258603
0.346361
0.291546
0.0153019
0.179769
0.374854
0.165316
0.465193
0.506482
0.441233
0.796879
0.151112
0.741569
0.543627
0.746717
0.0727878
0.343896
0.853535
0.360705
0.370924
0.115463
0.587476
0.705954
0.976528
0.50623
0.212974
0.454533
0.330954
0.338596
0.781478
0.29463
0.842521
0.24969
0.53591
0.0461299
0.305543
0.265122
0.911516
0.846665
0.900502
0.739179
0.389031
0.447847
0.958308
0.285039
0.643889
0.842595
0.499404
0.489921
0.103978
0.558609
0.537592
0.314389
0.930982
0.0184917
0.789263
0.150655
0.0595802
0.3646
0.831506
0.118498
0.596479
0.0262762
0.623571
0.350352
0.369721
0.906079
0.47479
0.797692
0.808823
0.888742
0.0797315
0.0467852
0.318356
0.611406
0.8958
0.7106
0.0564888
0.406548
0.84438
0.50327
0.46141
0.916019
0.524212
0.43522
0.738464
0.358673
0.216038
0.948059
0.0242016
0.75553
0.196617
0.538278
0.838334
0.878671
0.830763
0.634664
0.80215
0.732448
0.25679
0.862723
0.790569
0.0858002
0.0437782
0.780038
0.105201
0.10844
0.544062
0.0541667
0.379426
0.0108078
0.647111
0.999208
0.687362
0.485444
0.858157
0.0428985
0.994696
0.861974
0.201908
0.474336
0.172265
0.25339
0.733194
0.789945
0.608194
0.909137
0.865713
0.0305373
0.239983
0.400651
0.744897
0.487665
0.192419
0.98982
0.908454
0.383341
0.811579
0.203183
0.904751
0.152968
0.925995
0.201231
0.0879788
0.658891
0.982683
0.957112
0.186484
0.237821
0.0613004
0.276218
0.389281
0.651773
0.349671
0.92825
0.103602
0.231404
0.207381
0.458476
0.607779
0.943708
0.891954
0.0718103
0.915822
0.223191
0.163861
0.0144576
0.98873
0.585108
0.904531
0.451885
0.83752
0.19997
0.899242
0.565086
0.402428
0.605149
0.740742
0.646797
0.725503
0.527275
0.906347
0.970562
0.233175
0.974499
0.411874
0.358823
0.74282
0.58065
0.980499
0.243872
0.763052
0.60638
0.427902
0.746836
0.0718694
0.909583
0.365378
0.905252
0.573609
0.641468
0.146751
0.441719
0.978174
0.177948
0.765125
0.459034
0.978346
0.0582158
0.433455
0.0853132
0.858546
0.589696
0.0121671
0.492017
0.330513
0.932268
0.626424
0.310077
0.463178
0.62991
0.889113
0.314468
0.258029
0.697387
0.9833
0.325674
0.605123
0.303193
0.763676
0.0987549
0.774349
0.488405
0.619332
0.109816
0.684773
0.987712
0.48309
0.292174
0.569537
0.200894
0.420889
0.883421
0.657671
0.479286
0.364339
0.453083
0.96061
0.977004
0.503222
0.656437
0.728357
0.494403
0.434551
0.497027
0.530522
0.489082
0.99647
0.671676
0.852411
0.473939
0.486745
0.728625
0.998815
0.0877522
0.850979
0.4034
0.943204
0.423447
0.871226
0.688152
0.765243
0.440154
0.66481
0.455844
0.37595
0.587188
0.873218
0.181576
0.753407
0.508412
0.882034
0.347151
0.570351
0.892
0.839804
0.587435
0.0178522
0.0426567
0.930698
0.234725
0.0262522
0.220333
0.128894
0.316706
0.875332
0.708417
0.363535
0.929062
0.741934
0.691014
0.864708
0.140818
0.721668
0.0682723
0.451749
0.552666
0.663486
0.214665
0.869622
0.736836
0.00341491
0.39435
0.844761
0.894894
0.479155
0.159338
0.996651
0.717135
0.888836
0.661754
0.0952804
0.378185
0.149073
0.465171
0.120524
0.65521
0.120415
0.819856
0.325256
0.571354
0.741468
0.859275
0.841642
0.473372
0.955754
0.352535
0.0594195
0.663845
0.245422
0.811494
0.774355
0.576921
0.311716
0.00601046
0.0177655
0.585168
0.911487
0.366783
0.529484
0.0432437
0.797542
0.291917
0.256839
0.697351
0.37491
0.104175
0.869797
0.676538
0.569708
0.0874465
0.714063
0.260774
0.833928
0.822858
0.767278
0.636613
0.560944
0.79459
0.675875
0.426665
0.952368
0.457218
0.458644
0.431111
0.674629
0.489515
0.272301
0.56565
0.873822
0.320982
0.745609
0.44995
0.308547
0.744977
0.830443
0.262269
0.950555
0.970238
0.791031
0.858136
0.695032
0.403089
0.716613
0.120845
0.0361679
0.874351
0.214289
0.554259
0.423299
0.378355
0.00879674
0.846807
0.282833
0.578815
0.137897
0.630704
0.239842
0.0234385
0.930975
0.904681
0.966748
0.13806
0.369362
0.863434
0.727018
0.995689
0.545767
0.697942
0.319478
0.463141
0.0168387
0.00801613
0.727159
0.358595
0.908612
0.0343983
0.132708
0.416392
0.298538
0.530365
0.847017
0.81226
0.648982
0.447626
0.246097
0.149829
0.17186
0.453371
0.810588
0.549703
0.854571
0.767239
0.98708
0.845293
0.842085
0.925476
0.47533
0.872618
0.0833843
0.439197
0.584501
0.707116
0.501598
0.349334
0.25868
0.630653
0.379505
0.337463
0.749117
0.412979
0.929874
0.392625
0.848791
0.622838
0.0317174
0.0750241
0.929392
0.294994
0.96091
0.0201753
0.0862215
0.125163
0.617666
0.112381
0.792955
0.200912
0.734507
0.865668
0.274142
0.507373
0.413077
0.585597
0.132471
0.443938
0.268797
0.670163
0.423606
0.547265
0.8779
0.87064
0.845162
0.635229
0.294589
0.153393
0.0843682
0.97608
0.984714
0.0847546
0.470848
0.538969
0.450615
0.493375
0.160306
0.264104
0.797453
0.797652
0.141562
0.24
0.681172
0.453838
0.649229
0.589098
0.965911
0.0625694
0.60352
0.359625
0.224258
0.10222
0.017931
0.367019
0.492132
0.256136
0.884276
0.0267129
0.964486
0.112572
0.00499123
0.88762
0.226
0.38361
0.341583
0.984952
0.0881068
0.811777
0.528983
0.624747
0.123424
0.382256
0.573235
0.35629
0.174462
0.186387
0.60618
0.0632283
0.678646
0.00977796
0.338117
0.738506
0.066662
0.387429
0.516715
0.432436
0.945361
0.68253
0.28835
0.298351
0.390136
0.0195157
0.999598
0.246
0.519588
0.719052
0.109153
0.529458
0.601383
0.437099
0.326637
0.787691
0.724661
0.377168
0.0592328
0.525612
0.960057
0.678189
0.327156
0.504529
0.619264
0.961712
0.485866
0.953762
0.884687
0.936747
0.91378
0.896829
0.00351869
0.138574
0.0139153
0.875025
0.540806
0.329704
0.335712
0.315528
0.0739606
0.0552405
0.427534
0.568684
0.878834
0.557032
0.0339372
0.382505
0.754003
0.527339
0.981526
0.500359
0.536733
0.870973
0.442182
0.752882
0.685151
0.336588
0.0414363
0.419224
0.894955
0.508158
0.616185
0.228808
0.57783
0.592443
0.196613
0.474376
0.832294
0.361216
0.952436
0.590171
0.000393476
0.613157
0.326376
0.40757
0.0230732
0.791337
0.00910025
0.947987
0.823918
0.594189
0.541984
0.119446
0.523735
0.422019
0.880242
0.226226
0.188165
0.491155
0.844177
0.0902375
0.621227
0.968641
0.953581
0.839588
0.951061
0.48381
0.3862
0.861252
0.0604391
0.800549
0.833256
0.53663
0.148366
0.580398
0.754651
0.415164
0.669332
0.467648
0.758061
0.734178
0.331344
0.90571
0.271046
0.476089
0.626868
0.77137
0.408118
0.23064
0.368332
0.558556
0.655193
0.823389
0.697721
0.592068
0.881547
0.159274
0.920236
0.404367
0.199637
0.298559
0.887748
0.388575
0.773692
0.448607
0.730755
0.798381
0.395184
0.850291
0.844447
0.626988
0.788569
0.483785
0.968804
0.687935
0.117396
0.0717136
0.290951
0.00530522
0.164894
0.367318
0.518735
0.373638
0.736536
0.953693
0.714222
0.934379
0.115424
0.934999
0.532095
0.916422
0.303382
0.941158
0.0461277
0.268344
0.0660153
0.519419
0.882588
0.657823
0.0261668
0.78597
0.803847
0.262491
0.689704
0.858515
0.0565789
0.921114
0.16868
0.000826655
0.89359
0.56457
0.72491
0.556394
0.317337
0.478427
0.919953
0.653597
0.999941
0.000275244
0.626018
0.487353
0.949448
0.378627
0.591457
0.614814
0.178797
0.0357112
0.198858
0.211626
0.791465
0.148618
0.827745
0.917663
0.156704
0.719977
0.64909
0.251604
0.706264
0.176595
0.0272685
0.301595
0.903036
0.33374
0.171809
0.588784
0.699594
0.0741546
0.315847
0.437755
0.346807
0.779495
0.977948
0.372227
0.0164226
0.0146152
0.637346
0.866447
0.368879
0.746831
0.99154
0.805726
0.832351
0.320298
0.250684
0.244379
0.28081
0.574265
0.679865
0.490064
0.499802
0.169391
0.950033
0.210073
0.703233
0.242529
0.181268
0.575512
0.633928
0.423291
0.254471
0.897148
0.370162
0.309895
0.406214
0.232936
0.961474
0.490239
0.440631
0.677126
0.450296
0.124995
0.787596
0.127424
0.619212
0.102658
0.372088
0.691177
0.611607
0.2737
0.0776517
0.0915747
0.0967364
0.847884
0.382885
0.152991
0.322143
0.249453
0.562572
0.152619
0.0619393
0.0142467
0.443823
0.333195
0.00747466
0.626531
0.113938
0.950278
0.322596
0.864769
0.171183
0.0660901
0.775755
0.117568
0.957773
0.297244
0.779523
0.446192
0.146554
0.127244
0.593358
0.568393
0.975605
0.00122235
0.543977
0.616204
0.546997
0.378145
0.482423
0.0763765
0.65918
0.836973
0.00713253
0.876365
0.0648465
0.874771
0.273619
0.718399
0.134681
0.586799
0.327572
0.500161
0.197346
0.801377
0.740887
0.0799922
0.429223
0.955129
0.856411
0.706372
0.987327
0.00454666
0.415754
0.573509
0.96009
0.226035
0.972326
0.877083
0.128498
0.66833
0.628909
0.0768974
0.414868
0.685156
0.416496
0.0422532
0.149563
0.712802
0.0616523
0.189478
0.55434
0.786589
0.208747
0.411081
0.0305869
0.0734526
0.517399
0.933684
0.433465
0.239367
0.0483682
0.924858
0.0813639
0.482318
0.323137
0.958493
0.399511
0.580529
0.958142
0.484803
0.0809803
0.0363405
0.775453
0.0362112
0.601906
0.23015
0.13622
0.456862
0.486279
0.892676
0.208419
0.904643
0.331294
0.0588892
0.750831
0.224622
0.223944
0.823514
0.805198
0.956121
0.527102
0.00814834
0.949159
0.515102
0.326847
0.310653
0.144616
0.556901
0.829617
0.369861
0.248191
0.341732
0.490807
0.988652
0.279442
0.586873
0.571589
0.694661
0.17452
0.157146
0.158808
0.0805774
0.26506
0.859605
0.378712
0.0115672
0.409548
0.27572
0.019449
0.879621
0.793903
0.131166
0.509223
0.519177
0.813017
0.375668
0.859521
0.973073
0.430203
0.426866
0.336076
0.425308
0.152879
0.439697
0.991422
0.836846
0.870988
0.689394
0.636996
0.990463
0.718305
0.560164
0.683042
0.893247
0.80797
0.551757
0.373312
0.257952
0.397388
0.899001
0.503631
0.52496
0.00122259
0.548031
0.752779
0.950554
0.958913
0.455852
0.497235
0.0282911
0.488896
0.882671
0.047285
0.718923
0.932452
0.713669
0.626752
0.827808
0.971499
0.982953
0.487821
0.806653
0.425656
0.998621
0.828257
0.519124
0.921233
0.170861
0.655478
0.62514
0.734569
0.903421
0.790237
0.50628
0.0446197
0.922976
0.463701
0.418914
0.69366
0.335687
0.897529
0.772234
0.930587
0.382638
0.00330146
0.487651
0.951124
0.548274
0.840765
0.741124
0.064882
0.47251
0.472189
0.0748818
0.538507
0.684556
0.335428
0.532724
0.490097
0.0643726
0.910814
0.0511605
0.85464
0.933439
0.301353
0.838748
0.839593
0.0387556
0.364726
0.943835
0.0359801
0.717334
0.238232
0.968181
0.215783
0.664593
0.814297
0.895429
0.475614
0.636035
0.848146
0.795682
0.0248444
0.560193
0.163887
0.443413
0.44336
0.557212
0.0596116
0.891401
0.771564
0.66834
0.795509
0.121794
0.985361
0.970514
0.432678
0.0264526
0.588309
0.70603
0.244243
0.997154
0.163063
0.602902
0.96807
0.347597
0.0684121
0.801468
0.274338
0.804974
0.202422
0.110077
0.0723065
0.255586
0.62716
0.683982
0.677735
0.691382
0.0561405
0.55348
0.336451
0.728987
0.080499
0.946011
0.612329
0.413315
0.576983
0.352122
0.113415
0.166877
0.699105
0.85696
0.925177
0.452585
0.603245
0.744548
0.626732
0.489012
0.832188
0.58416
0.98226
0.845713
0.901439
0.48423
0.453529
0.457012
0.000461083
0.749428
0.640148
0.966273
0.142477
0.602701
0.598567
0.120592
0.797837
0.242871
0.930081
0.868566
0.989714
0.125795
0.232109
0.0537104
0.710734
0.314482
0.505342
0.291492
0.111482
0.669843
0.0498253
0.413481
0.373548
0.223808
0.540774
0.783917
0.284981
0.667174
0.189711
0.466405
0.870757
0.818283
0.890073
0.463578
0.355453
0.0981266
0.214464
0.496997
0.0262537
0.246316
0.83435
0.926376
0.59377
0.495645
0.308033
0.117188
0.572794
0.955081
0.0451221
0.367715
0.184023
0.873221
0.231156
0.0452947
0.268128
0.43062
0.4276
0.676797
0.919643
0.447785
0.930166
0.297348
0.528318
0.433415
0.400193
0.0405724
0.899791
0.779619
0.048054
0.643342
0.646564
0.809109
0.70271
0.447067
0.858046
0.179902
0.608069
0.815474
0.665855
0.0283756
0.908592
0.705902
0.0971259
0.394203
0.376551
0.691109
0.473089
0.208583
0.660221
0.339584
0.381176
0.41713
0.708475
0.344899
0.715393
0.604495
0.748356
0.614141
0.87111
0.740184
0.27285
0.78667
0.564274
0.755987
0.872391
0.276302
0.802919
0.664756
0.560993
0.608329
0.185859
0.734435
0.641185
0.39796
0.521083
0.848037
0.954701
0.654015
0.0314637
0.810655
0.671691
0.111879
0.346229
0.0699921
0.356449
0.831037
0.241657
0.52114
0.805358
0.656946
0.297026
0.115601
0.899135
0.759363
0.609334
0.0783963
0.606354
0.99148
0.805156
0.252288
0.202277
0.665918
0.084145
0.224675
0.108261
0.541272
0.161763
0.751827
0.962792
0.64453
0.614434
0.797191
0.386335
0.130351
0.811355
0.451613
0.266005
0.741773
0.985258
0.225977
0.00201238
0.822109
0.180652
0.224975
0.146815
0.516976
0.82335
0.0375586
0.2481
0.817014
0.561996
0.470993
0.978041
0.939215
0.380827
0.55662
0.108109
0.989954
0.158206
0.972845
0.606286
0.852806
0.109283
0.722751
0.277283
0.295012
0.274208
0.609372
0.722874
0.348594
0.822947
0.267569
0.0359871
0.834393
0.648929
0.556985
0.245806
0.264163
0.786847
0.541754
0.255184
0.872378
0.0497909
0.836255
0.935521
0.308875
0.258944
0.0690884
0.169152
0.93855
0.201383
0.639289
0.53091
0.00606027
0.854968
0.445441
0.524013
0.0886956
0.706405
0.545324
0.254228
0.80841
0.951964
0.665815
0.359143
0.112328
0.894801
0.924345
0.467732
0.176528
0.905977
0.75115
0.57292
0.0706894
0.0769374
0.0872
0.570384
0.447304
0.840486
0.0518606
0.620663
0.476453
0.741845
0.191379
0.514508
0.338216
0.393939
0.93961
0.0251795
0.19262
0.358493
0.192453
0.559752
0.753262
0.0741139
0.631486
0.378946
0.950618
0.0360095
0.212407
0.924097
0.294047
0.0471781
0.92173
0.515547
0.796717
0.421008
0.888779
0.716665
0.986598
0.746292
0.935092
0.0918823
0.266061
0.68849
0.4538
0.0237767
0.61522
0.0109822
0.578627
0.976975
0.0172908
0.606708
0.949507
0.366362
0.449547
0.540107
0.577346
0.457676
0.161928
0.52446
0.591922
0.430813
0.679371
0.180854
0.619357
0.532448
0.856871
0.430716
0.0488639
0.255762
0.584557
0.657214
0.794465
0.568633
0.00874487
0.974973
0.367848
0.412738
0.889151
0.958758
0.843363
0.394326
0.438111
0.32296
0.982219
0.157134
0.943763
0.816773
0.497622
0.52993
0.53333
0.670004
0.764628
0.109894
0.992106
0.322919
0.30732
0.127511
0.0744084
0.581296
0.847671
0.803456
0.687895
0.45001
0.318368
0.802706
0.0739556
0.971491
0.841663
0.836132
0.863772
0.414824
0.951684
0.958066
0.222668
0.3765
0.832846
0.644628
0.262135
0.710804
0.486027
0.659925
0.363382
0.367029
0.663146
0.488345
0.616171
0.990746
0.46139
0.589753
0.9769
0.760548
0.531764
0.35808
0.245478
0.752098
0.511885
0.246964
0.719171
0.103672
0.408615
0.595323
0.588619
0.926023
0.66049
0.856925
0.334803
0.0310746
0.271371
0.930497
0.862945
0.521751
0.0686085
0.103108
0.937182
0.221801
0.805726
0.829619
0.41361
0.544426
0.175483
0.345044
0.157509
0.261294
0.566277
0.425356
0.96157
0.107808
0.93376
0.696328
0.176862
0.523158
0.710145
0.402793
0.736624
0.442409
0.569207
0.667557
0.626218
0.853365
0.5106
0.649229
0.592095
0.344884
0.459408
0.26652
0.409477
0.0856262
0.120308
0.0231176
0.537543
0.479511
0.137432
0.820746
0.286441
0.205604
0.588379
0.880165
0.937834
0.174405
0.231805
0.94216
0.88208
0.122056
0.389831
0.886161
0.706666
0.937146
0.604809
0.0241973
0.684044
0.73046
0.839265
0.528029
0.582725
0.857555
0.92914
0.051826
0.0390773
0.771878
0.954747
0.441426
0.0483288
0.262121
0.461464
0.823635
0.829965
0.228829
0.935613
0.842428
0.693917
0.665157
0.286552
0.0804187
0.597066
0.890702
0.0355863
0.0988947
0.123849
0.527019
0.603871
0.25537
0.00774632
0.192326
0.418011
0.516772
0.388458
0.812334
0.895058
0.236565
0.94747
0.130583
0.707565
0.0402225
0.0191584
0.995599
0.0318258
0.896666
0.270347
0.722972
0.989666
0.324054
0.369554
0.0888994
0.13257
0.105915
0.107336
0.993963
0.531021
0.866733
0.174872
0.0771608
0.840977
0.302787
0.939199
0.120561
0.267475
0.45312
0.579817
0.983726
0.485104
0.137574
0.206646
0.107307
0.510497
0.915696
0.103559
0.521623
0.913837
0.856201
0.168665
0.750179
0.264387
0.548521
0.995785
0.152849
0.930435
0.827548
0.598531
0.506903
0.525255
0.962742
0.797286
0.991179
0.743037
0.216304
0.413065
0.38464
0.636685
0.76608
0.50936
0.805808
0.208579
0.582654
0.668565
0.576827
0.735673
0.452385
0.240403
0.456201
0.376286
0.241677
0.87285
0.98202
0.80452
0.575305
0.142483
0.706009
0.897371
0.110845
0.979578
0.770405
0.19134
0.8575
0.00397682
0.838352
0.178335
0.281133
0.00684578
0.0570511
0.857201
0.985075
0.154034
0.841713
0.665883
0.500071
0.691083
0.0386708
0.940577
0.275602
0.0467109
0.0701285
0.649575
0.402963
0.60106
0.00979389
0.60592
0.69854
0.369577
0.477643
0.746045
0.777873
0.718039
0.0754122
0.452765
0.619865
0.0642238
0.408935
0.971811
0.234478
0.869816
0.000267673
0.498777
0.945994
0.31812
0.644783
0.861711
0.776363
0.327426
0.0531444
0.197892
0.974523
0.814689
0.477241
0.993148
0.84429
0.977441
0.854234
0.102403
0.0944925
0.134614
0.455497
0.540296
0.750837
0.320777
0.297209
0.190503
0.780718
0.5344
0.659666
0.998303
0.48107
0.350745
0.963766
0.017177
0.694163
0.797143
0.582567
0.199509
0.144766
0.0830648
0.0707225
0.633337
0.503172
0.819555
0.261133
0.861696
0.517294
0.163563
0.0057691
0.961225
0.313431
0.827703
0.206355
0.213291
0.774664
0.7732
0.168464
0.381655
0.479605
0.728611
0.768454
0.404496
0.363925
0.495417
0.472338
0.578756
0.159992
0.984075
0.354834
0.689455
0.664661
0.954349
0.741952
0.991687
0.283452
0.986086
0.142436
0.919999
0.42577
0.912732
0.288179
0.423984
0.901298
0.119649
0.941597
0.421017
0.0361031
0.783989
0.501183
0.376376
0.745569
0.779606
0.833917
0.63792
0.529344
0.68285
0.658327
0.50477
0.670302
0.762383
0.379109
0.683148
0.665513
0.277019
0.865757
0.778386
0.333329
0.267214
0.0582532
0.0610363
0.837469
0.338123
0.826474
0.551401
0.39125
0.744198
0.736184
0.0466153
0.464017
0.727768
0.589953
0.338287
0.582867
0.23962
0.29649
0.110111
0.62783
0.939326
0.248535
0.128996
0.0290137
0.633387
0.330044
0.0499479
0.474634
0.165434
0.441461
0.639517
0.363561
0.376292
0.3373
0.00154506
0.967846
0.591832
0.925411
0.385821
0.49713
0.266481
0.754332
0.0573808
0.398787
0.420574
0.592099
0.406023
0.0326088
0.0552975
0.384308
0.0632849
0.629472
0.535659
0.828711
0.143033
0.958335
0.738976
0.967139
0.706888
0.665706
0.522458
0.955744
0.193394
0.370035
0.185224
0.0536397
0.522488
0.45826
0.971695
0.276563
0.192894
0.972419
0.453924
0.0989777
0.517436
0.540189
0.954357
0.873811
0.140342
0.721921
0.323508
0.204852
0.94437
0.0334638
0.425482
0.0740245
0.129895
0.1443
0.246686
0.0457483
0.891935
0.75773
0.172846
0.0260056
0.0754169
0.532453
0.937623
0.637614
0.384578
0.607823
0.676913
0.878098
0.200815
0.0947813
0.98906
0.136273
0.342283
0.750865
0.789592
0.673794
0.460513
0.840921
0.357455
0.752845
0.0649036
0.83534
0.564047
0.937619
0.558623
0.773683
0.283306
0.521132
0.658371
0.245747
0.27347
0.207473
0.997649
0.486884
0.064397
0.320149
0.740556
0.524201
0.252638
0.0934041
0.842111
0.36711
0.0211772
0.925344
0.251679
0.961637
0.232426
0.387765
0.158706
0.366219
0.0441048
0.269383
0.525964
0.880979
0.618742
0.199582
0.382084
0.681219
0.24974
0.384594
0.872338
0.391077
0.826778
0.657974
0.561871
0.37164
0.150212
0.611984
0.61079
0.540089
0.277009
0.695056
0.807689
0.825647
0.649186
0.872038
0.342223
0.747345
0.619783
0.692566
0.964647
0.827438
0.753707
0.55102
0.994313
0.412295
0.436851
0.150737
0.433147
0.904108
0.343578
0.509901
0.910481
0.458273
0.188939
0.502486
0.285428
0.182781
0.00689999
0.968072
0.381892
0.467
0.86399
0.0792165
0.391009
0.681577
0.259586
0.857496
0.932436
0.45143
0.190085
0.760277
0.981529
0.551129
0.822365
0.482698
0.705588
0.813951
0.0733929
0.515014
0.836855
0.0150085
0.247771
0.286135
0.0701911
0.701008
0.847111
0.39807
0.361767
0.22043
0.770428
0.578542
0.558031
0.821687
0.0949786
0.304639
0.0679177
0.492188
0.210053
0.367584
0.981409
0.535815
0.447304
0.845417
0.920667
0.652016
0.426036
0.385205
0.135667
0.152616
0.0229875
0.350675
0.796134
0.631488
0.424934
0.866661
0.972883
0.240582
0.464384
0.898226
0.481343
0.930806
0.0612276
0.0521735
0.879216
0.979382
0.469039
0.132319
0.88686
0.453428
0.765663
0.500603
0.638854
0.218788
0.171363
0.0916783
0.837736
0.82347
0.0536235
0.250788
0.992407
0.37733
0.778583
0.64548
0.585307
0.253027
0.631467
0.0634106
0.741613
0.296235
0.815038
0.347386
0.516532
0.349386
0.13294
0.322353
0.783231
0.76775
0.578907
0.686806
0.142817
0.333552
0.0123973
0.362164
0.898288
0.519699
0.57531
0.241745
0.999776
0.239672
0.170469
0.0664503
0.829765
0.858208
0.898704
0.520292
0.548351
0.135184
0.0389802
0.140331
0.535129
0.911119
0.172627
0.341672
0.477808
0.526582
0.260169
0.665697
0.376982
0.931338
0.00166486
0.981383
0.107815
0.0402842
0.0571619
0.720903
0.210103
0.205013
0.656278
0.0608955
0.47007
0.472587
0.772563
0.472995
0.629606
0.779926
0.210225
0.25841
0.0942151
0.473674
0.046533
0.0798998
0.875321
0.521907
0.686506
0.0986286
0.65064
0.314979
0.848338
0.0205686
0.6966
0.755625
0.785346
0.314658
0.451924
0.479501
0.981656
0.692611
0.718108
0.233378
0.389285
0.716521
0.561793
0.0510809
0.516143
0.814759
0.65673
0.658586
0.855582
0.762873
0.606282
0.784497
0.0474683
0.799499
0.178932
0.302564
0.198429
0.00396214
0.591626
0.449564
0.823351
0.0614369
0.569892
0.168852
0.903549
0.943834
0.0225187
0.472339
0.597078
0.089954
0.856135
0.0547925
0.897557
0.248116
0.0857955
0.964254
0.224573
0.399522
0.764449
0.0961629
0.209874
0.359081
0.0664197
0.316332
0.584692
0.922752
0.695687
0.419275
0.755683
0.771023
0.57831
0.653017
0.253066
0.285837
0.069415
0.658207
0.492415
0.0165255
0.743914
0.963938
0.907228
0.784728
0.930075
0.775432
0.690035
0.422461
0.295539
0.123585
0.0964172
0.483549
0.0152118
0.664263
0.26602
0.995121
0.994998
0.925862
0.965433
0.030351
0.108473
0.106246
0.676565
0.0209298
0.767084
0.383309
0.27548
0.996233
0.695786
0.077581
0.903
0.715927
0.578813
0.10465
0.85818
0.428433
0.677678
0.735751
0.766057
0.121219
0.320742
0.71823
0.288012
0.610193
0.514941
0.604976
0.835617
0.214452
0.29672
0.974255
0.306121
0.977474
0.41277
0.428192
0.623916
0.159929
0.922162
0.781587
0.136918
0.180161
0.964508
0.483715
0.789981
0.203209
0.332556
0.271543
0.824117
0.934742
0.21071
0.405934
0.535495
0.0602658
0.88662
0.420899
0.0518602
0.613948
0.617031
0.432479
0.669566
0.400218
0.471234
0.0296587
0.473683
0.188863
0.226115
0.313711
0.533206
0.591485
0.0903912
0.204031
0.14872
0.532775
0.345574
0.0653812
0.861767
0.721131
0.0430598
0.705218
0.607217
0.504355
0.691826
0.515132
0.82631
0.789217
0.365068
0.69102
0.969174
0.907214
0.541508
0.130233
0.828834
0.219885
0.615024
0.700905
0.118047
0.0176111
0.989145
0.564085
0.570201
0.363425
0.0850597
0.597519
0.49863
0.472525
0.720942
0.87194
0.698067
0.420349
0.809302
0.931502
0.756179
0.100534
0.667777
0.330165
0.0846709
0.0634083
0.703914
0.678709
0.0642012
0.0297005
0.176749
0.622986
0.519024
0.231012
0.612444
0.352071
0.2494
0.658141
0.382745
0.799696
0.487701
0.796333
0.971704
0.437536
0.662121
0.262686
0.969837
0.0555167
0.06998
0.153855
0.843853
0.642286
0.903825
0.592651
0.679449
0.500091
0.0235397
0.632373
0.299058
0.274556
0.466189
0.237405
0.0578269
0.897271
0.433083
0.829321
0.39067
0.98661
0.946514
0.0663261
0.74284
0.912386
0.472725
0.0866643
0.566193
0.0112721
0.450933
0.826983
0.110623
0.246337
0.193158
0.407811
0.0753715
0.769593
0.5548
0.520044
0.380269
0.18689
0.0681441
0.298222
0.220268
0.0362152
0.668414
0.0382739
0.270248
0.0656835
0.942263
0.607842
0.993568
0.897007
0.992151
0.0791189
0.751486
0.224952
0.767455
0.61731
0.122172
0.348364
0.954568
0.427335
0.215359
0.540437
0.122658
0.505163
0.268127
0.406233
0.555852
0.210613
0.765832
0.345074
0.653341
0.706324
0.18586
0.745814
0.897129
0.0480989
0.398375
0.4916
0.321358
0.0568871
0.100762
0.507629
0.715162
0.723899
0.577634
0.293605
0.624297
0.564255
0.425738
0.372345
0.998521
0.143303
0.485639
0.140207
0.466659
0.131401
0.463997
0.405055
0.760797
0.708431
0.603327
0.115353
0.733401
0.272406
0.320095
0.831327
0.121664
0.804332
0.414328
0.608305
0.783639
0.612889
0.816862
0.991731
0.014451
0.878574
0.19074
0.759621
0.951279
0.138654
0.349423
0.746269
0.544196
0.305516
0.802639
0.949001
0.861361
0.888256
0.924819
0.433834
0.440341
0.805594
0.622528
0.836589
0.55433
0.62773
0.254723
0.134251
0.350209
0.964068
0.0838354
0.0220645
0.837442
0.880922
0.651966
0.599689
0.967844
0.547723
0.578437
0.794225
0.544987
0.590331
0.700358
0.913924
0.317243
0.906031
0.662937
0.988315
0.601936
0.734607
0.535893
0.75351
0.239182
0.937731
0.441733
0.212426
0.235484
0.788024
0.316132
0.234529
0.725622
0.525863
0.185154
0.87927
0.882764
0.612848
0.143449
0.954288
0.710108
0.786623
0.766564
0.635393
0.044321
0.902955
0.969479
0.0307307
0.491441
0.643197
0.220398
0.226323
0.808435
0.364821
0.547216
0.0510992
0.824087
0.432109
0.459342
0.165327
0.648072
0.149977
0.670796
0.074512
0.323149
0.160876
0.835175
0.778556
0.191903
0.312795
0.14658
0.563071
0.538166
0.96197
0.825502
0.210372
0.724186
0.389748
0.486485
0.357097
0.725719
0.156566
0.398691
0.804202
0.224251
0.994436
0.479513
0.170522
0.962515
0.985743
0.378362
0.128258
0.639605
0.842471
0.414428
0.297009
0.823724
0.328864
0.214477
0.711314
0.0570442
0.742459
0.509563
0.224405
0.572129
0.765416
0.33944
0.969965
0.203057
0.775971
0.743055
0.522753
0.906698
0.866635
0.541251
0.800028
0.0752594
0.8848
0.835432
0.112721
0.503599
0.984173
0.00313747
0.731478
0.945963
0.799983
0.317056
0.76696
0.303029
0.00524062
0.0791727
0.65612
0.414808
0.675437
0.0687584
0.62161
0.402793
0.747667
0.0422281
0.728317
0.822893
0.36079
0.804777
0.890553
0.527345
0.0793239
0.19656
0.580839
0.163021
0.901581
0.866874
0.554675
0.43009
0.529324
0.341651
0.136915
0.135144
0.35915
0.241901
0.634422
0.726059
0.879316
0.670911
0.994266
0.621816
0.857173
0.501984
0.852523
0.347595
0.0278402
0.909574
0.216348
0.16269
0.337063
0.0256556
0.193016
0.0208934
0.154592
0.236009
0.602965
0.0369091
0.331786
0.331659
0.191335
0.763184
0.842092
0.038614
0.985595
0.903155
0.329691
0.122381
0.858499
0.784088
0.169945
0.258177
0.179183
0.536685
0.0625794
0.772507
0.523547
0.254375
0.275869
0.528121
0.13377
0.279485
0.303103
0.252271
0.915722
0.541343
0.350878
0.208744
0.36863
0.569624
0.670185
0.799084
0.204189
0.798838
0.0693691
0.886144
0.421152
0.307096
0.36705
0.0087346
0.802456
0.880383
0.604621
0.864293
0.170544
0.326018
0.389851
0.223157
0.592286
0.546714
0.620839
0.448673
0.847648
0.424589
0.0751087
0.351968
0.524131
0.0735098
0.478705
0.588664
0.679585
0.776421
0.315372
0.462755
0.524529
0.756626
0.621369
0.352209
0.576187
0.974094
0.600639
0.942567
0.720151
0.581388
0.38315
0.596725
0.162872
0.395342
0.520977
0.0623489
0.898345
0.476887
0.0414137
0.0394649
0.286861
0.271109
0.535834
0.764147
0.021232
0.846531
0.643956
0.974875
0.728904
0.68991
0.311814
0.658681
0.457874
0.49424
0.683895
0.226006
0.483984
0.313716
0.623209
0.276049
0.551596
0.680548
0.97195
0.563418
0.358661
0.00962518
0.770434
0.689434
0.316951
0.993497
0.708698
0.0836259
0.500629
0.0673555
0.0442267
0.318358
0.645051
0.376751
0.0578803
0.793406
0.772901
0.149923
0.748075
0.900828
0.211267
0.768972
0.110651
0.709447
0.678696
0.841541
0.779628
0.205333
0.0267324
0.291119
0.842161
0.193113
0.650876
0.266653
0.645252
0.748641
0.40391
0.523604
0.219789
0.988187
0.467035
0.462144
0.249289
0.794573
0.393859
0.594007
0.470189
0.458364
0.724011
0.45579
0.468928
0.278307
0.505613
0.841837
0.759961
0.671431
0.740327
0.678519
0.87199
0.52821
0.633538
0.865827
0.950995
0.377051
0.101427
0.690219
0.510683
0.054438
0.938881
0.769273
0.173294
0.558463
0.0934642
0.852378
0.922493
0.334193
0.777623
0.51052
0.308204
0.98671
0.639741
0.135253
0.198692
0.409778
0.131772
0.687667
0.621867
0.713902
0.549039
0.700327
0.401586
0.459018
0.714824
0.0493513
0.446652
0.876721
0.0528955
0.0149326
0.972894
0.438135
0.741232
0.887769
0.727973
0.041413
0.0290089
0.552376
0.782399
0.779258
0.987118
0.491759
0.994924
0.680695
0.434877
0.979195
0.331134
0.371541
0.488979
0.269535
0.0694951
0.00443687
0.570429
0.199207
0.0704065
0.32198
0.514787
0.0232527
0.807753
0.908793
0.0844518
0.381814
0.144531
0.134701
0.914293
0.526317
0.804868
0.412117
0.446426
0.0880384
0.661958
0.523301
0.113231
0.080642
0.350804
0.965416
0.749455
0.0857188
0.675627
0.26468
0.472012
0.102928
0.904989
0.141927
0.368932
0.633058
0.804518
0.52999
0.538689
0.751194
0.313107
0.388541
0.205889
0.382077
0.56463
0.73131
0.132109
0.361323
0.757541
0.991779
0.834326
0.514184
0.893082
0.0301411
0.581535
0.865095
0.649328
0.256279
0.277079
0.863909
0.713272
0.969306
0.129089
0.593411
0.458783
0.766687
0.707518
0.252185
0.47927
0.0957071
0.550042
0.563531
0.269876
0.800565
0.101325
0.96895
0.141861
0.264717
0.0980666
0.205215
0.0415269
0.94193
0.0185539
0.83525
0.0445026
0.955286
0.496081
0.640019
0.794792
0.0623917
0.616821
0.908914
0.121202
0.0388758
0.38479
0.162333
0.325692
0.902885
0.789881
0.523764
0.901674
0.436664
0.00960783
0.4788
0.196834
0.19583
0.313631
0.20313
0.00746576
0.477095
0.531411
0.422256
0.856977
0.207138
0.364479
0.796188
0.532851
0.631994
0.931618
0.708576
0.0433149
0.993873
0.0266752
0.330785
0.497866
0.642053
0.986438
0.0627868
0.258294
0.139008
0.308827
0.458126
0.727992
0.365769
0.481101
0.859349
0.0784664
0.784645
0.531636
0.208833
0.864249
0.440938
0.847256
0.839295
0.0232581
0.899345
0.295528
0.933537
0.964308
0.119511
0.614058
0.477437
0.280098
0.610705
0.123078
0.571239
0.817841
0.449403
0.12071
0.774746
0.162005
0.812046
0.0572894
0.862815
0.340424
0.513986
0.565732
0.265663
0.00122545
0.596108
0.789411
0.634048
0.446674
0.244991
0.563517
0.0233685
0.754852
0.800492
0.865745
0.572185
0.707225
0.33379
0.00322738
0.242632
0.919787
0.853619
0.777779
0.128996
0.037521
0.614962
0.673029
0.602641
0.592621
0.174069
0.578959
0.565464
0.758755
0.38747
0.204058
0.607141
0.227177
0.171716
0.0382085
0.169931
0.0365106
0.63441
0.527144
0.714893
0.206042
0.942513
0.80971
0.790493
0.816019
0.826879
0.350144
0.873197
0.820773
0.729836
0.347454
0.652302
0.244739
0.332902
0.0881476
0.497492
0.343829
0.740656
0.213382
0.316529
0.901304
0.217385
0.585495
0.420281
0.658951
0.98125
0.863501
0.869543
0.408153
0.833122
0.278801
0.811864
0.00099828
0.778092
0.394843
0.133668
0.566316
0.0758918
0.514058
0.777794
0.391375
0.841868
0.283389
0.918702
0.624276
0.199342
0.344828
0.518592
0.97747
0.338091
0.294618
0.637932
0.72037
0.257183
0.473031
0.23719
0.453033
0.118203
0.644101
0.413157
0.932187
0.261224
0.384464
0.693195
0.535497
0.103287
0.949841
0.983355
0.251635
0.235452
0.235678
0.036734
0.388915
0.492561
0.478083
0.140579
0.70548
0.00537092
0.269006
0.192318
0.295169
0.899649
0.407321
0.839863
0.580499
0.453176
0.535174
0.669987
0.471179
0.100528
0.57055
0.236223
0.199753
0.252819
0.136523
0.548737
0.628934
0.493323
0.277499
0.933139
0.272715
0.521421
0.52995
0.862741
0.0955074
0.19264
0.693947
0.165129
0.315072
0.415216
0.543444
0.66013
0.805286
0.450112
0.0385565
0.0193128
0.590142
0.518587
0.883843
0.751531
0.988148
0.806404
0.225909
0.848437
0.678288
0.978582
0.0301295
0.387089
0.808748
0.635098
0.0937511
0.675065
0.822924
0.889783
0.575416
0.00988567
0.148411
0.349668
0.866923
0.373494
0.308099
0.224948
0.694404
0.843595
0.302095
0.308033
0.105174
0.66229
0.100911
0.0171696
0.570005
0.0816719
0.659735
0.173816
0.325312
0.514533
0.754931
0.123469
0.14499
0.851454
0.384176
0.840369
0.0830435
0.711602
0.890391
0.797358
0.199602
0.703677
0.700472
0.828035
0.777165
0.810891
0.643002
0.937103
0.888054
0.530484
0.837427
0.634078
0.950128
0.807827
0.142683
0.0690549
0.6057
0.00702992
0.151817
0.581691
0.48642
0.2584
0.924868
0.259015
0.258571
0.808345
0.857838
0.683033
0.7351
0.823885
0.035011
0.430096
0.630386
0.88911
0.268441
0.684297
0.982487
0.661874
0.121551
0.906148
0.633805
0.360276
0.156592
0.845428
0.112687
0.931648
0.202616
0.366191
0.579837
0.316253
0.262646
0.296503
0.333452
0.32169
0.648405
0.74735
0.70765
0.467314
0.1456
0.0924693
0.131481
0.805805
0.164219
0.026471
0.897599
0.947879
0.0109711
0.391717
0.591518
0.650986
0.124258
0.402343
0.183074
0.930023
0.892939
0.620582
0.121935
0.365313
0.822662
0.477526
0.77967
0.908602
0.880837
0.229766
0.684365
0.1243
0.1044
0.648822
0.749845
0.644373
0.972847
0.636786
0.455566
0.703224
0.0823152
0.471207
0.578962
0.607077
0.145174
0.940968
0.84681
0.330543
0.433171
0.307941
0.561908
0.988921
0.798638
0.714956
0.263995
0.957638
0.0259534
0.198026
0.225638
0.291768
0.747275
0.447894
0.750321
0.646123
0.391284
0.318646
0.478296
0.721659
0.92505
0.310226
0.97527
0.366072
0.57422
0.916512
0.820359
0.779096
0.270123
0.964765
0.806876
0.159546
0.493504
0.327029
0.369214
0.375298
0.628025
0.218473
0.871776
0.936126
0.471838
0.179888
0.382646
0.132562
0.96576
0.528626
0.613853
0.0244583
0.071045
0.0537634
0.602174
0.731627
0.462751
0.458819
0.365357
0.559084
0.525701
0.462462
0.592766
0.614041
0.194404
0.347528
0.899833
0.499707
0.576865
0.377826
0.127902
0.657089
0.699526
0.928116
0.842916
0.88361
0.832039
0.0746194
0.127416
0.487941
0.819337
0.604019
0.752514
0.506734
0.671268
0.998304
0.493679
0.258121
0.24394
0.90254
0.982182
0.540392
0.371443
0.850568
0.491276
0.87332
0.892569
0.413113
0.188345
0.515225
0.387827
0.208707
0.738952
0.565341
0.688382
0.64407
0.883335
0.218543
0.0477269
0.146484
0.949524
0.65546
0.323903
0.845104
0.654569
0.346659
0.295312
0.305538
0.175698
0.960748
0.300254
0.364095
0.340725
0.561368
0.916062
0.250053
0.644306
0.84286
0.947858
0.647937
0.879876
0.0830431
0.705967
0.183183
0.761526
0.971507
0.111266
0.0498576
0.955911
0.994569
0.717479
0.664117
0.815607
0.908267
0.235434
0.945507
0.141701
0.565989
0.58027
0.599989
0.00978636
0.479289
0.417128
0.675464
0.518508
0.572144
0.0182386
0.536148
0.0442933
0.436918
0.288808
0.000609986
0.252035
0.952511
0.85773
0.860561
0.45114
0.301743
0.389341
0.652891
0.13738
0.938644
0.793877
0.685345
0.59066
0.217604
0.266902
0.822756
0.0684312
0.123554
0.580472
0.986404
0.489951
0.612966
0.118661
0.329721
0.625718
0.448267
0.0291745
0.335879
0.117517
0.101334
0.117087
0.889115
0.362255
0.427764
0.423484
0.501006
0.402426
0.569915
0.55762
0.911637
0.882609
0.0091719
0.15209
0.1757
0.98422
0.78208
0.424456
0.83247
0.330313
0.574662
0.336857
0.559591
0.0527811
0.0918528
0.770668
0.609576
0.148116
0.387726
0.514627
0.332406
0.748509
0.198127
0.913394
0.415781
0.0350062
0.348843
0.005069
0.194655
0.562771
0.494838
0.748215
0.244669
0.14806
0.450863
0.652159
0.841707
0.575817
0.763205
0.185036
0.892953
0.855209
0.493286
0.657268
0.694967
0.306536
0.957117
0.259152
0.566184
0.856717
0.842692
0.133081
0.687818
0.158933
0.187146
0.37073
0.854943
0.0241709
0.239491
0.121018
0.945754
0.283235
0.338105
0.537853
0.70085
0.178178
0.644633
0.346003
0.269742
0.55266
0.554739
0.497098
0.73367
0.793253
0.202651
0.956456
0.159819
0.0696529
0.655596
0.601549
0.235285
0.426645
0.625351
0.282278
0.245861
0.193998
0.528381
0.498873
0.560057
0.88232
0.1528
0.113018
0.494803
0.156259
0.252525
0.183911
0.989485
0.26939
0.64469
0.309225
0.15148
0.922084
0.461075
0.292076
0.916568
0.762349
0.798815
0.682308
0.553294
0.204338
0.306172
0.830557
0.163216
0.163917
0.946946
0.321574
0.692431
0.691799
0.0699213
0.167694
0.424858
0.593663
0.693952
0.256901
0.727176
0.643225
0.674891
0.888756
0.320705
0.0952821
0.406227
0.448968
0.79904
0.463947
0.560222
0.65118
0.380716
0.697536
0.490376
0.746115
0.947219
0.910503
0.822207
0.827626
0.905574
0.975212
0.392088
0.828023
0.58977
0.270092
0.429168
0.0183441
0.309322
0.771726
0.401136
0.897297
0.876987
0.521126
0.568939
0.163442
0.971453
0.212415
0.0664271
0.440262
0.485568
0.933029
0.420526
0.788479
0.974399
0.72252
0.401101
0.311603
0.115074
0.0412345
0.0276667
0.994463
0.941785
0.581516
0.546476
0.614435
0.808007
0.171558
0.376906
0.665838
0.735935
0.8676
0.757433
0.176296
0.0136103
0.747595
0.82198
0.0140786
0.619083
0.925472
0.400956
0.869017
0.566007
0.886993
0.697444
0.937968
0.43661
0.0979297
0.904935
0.244063
0.959262
0.32368
0.0854331
0.874212
0.883956
0.651688
0.916194
0.466974
0.432788
0.873241
0.560177
0.893908
0.915873
0.0821659
0.962261
0.72099
0.675309
0.920483
0.551067
0.786693
0.955655
0.697696
0.183343
0.452099
0.426928
0.375746
0.168161
0.27509
0.440522
0.856775
0.813076
0.371895
0.436112
0.73014
0.464146
0.901283
0.869863
0.781551
0.521554
0.758493
0.98484
0.199792
0.900405
0.0992655
0.355517
0.17545
0.785615
0.836413
0.592863
0.254848
0.223226
0.758931
0.358641
0.683798
0.589238
0.32866
0.794659
0.827869
0.999853
0.522164
0.00473609
0.599388
0.909583
0.359868
0.302649
0.627462
0.751775
0.0786157
0.294452
0.858765
0.257187
0.540455
0.435235
0.992883
0.38909
0.433852
0.746547
0.221555
0.680759
0.523001
0.072494
0.405895
0.875333
0.716298
0.822087
0.823621
0.602617
0.187622
0.356608
0.514746
0.338438
0.119753
0.687496
0.739258
0.715773
0.996768
0.683737
0.572703
0.41151
0.24178
0.596834
0.994454
0.789288
0.567714
0.576773
0.816614
0.838386
0.751813
0.712559
0.98683
0.645468
0.376523
0.219453
0.348287
0.653841
0.110021
0.122021
0.805811
0.273334
0.926313
0.547001
0.448019
0.851795
0.120693
0.487558
0.382869
0.874748
0.890698
0.969039
0.633082
0.211794
0.624947
0.484051
0.445409
0.987375
0.805638
0.360673
0.823078
0.470293
0.214922
0.19672
0.269909
0.363187
0.089839
0.924352
0.582545
0.83588
0.636053
0.148585
0.268293
0.201953
0.221457
0.0325965
0.848658
0.392088
0.815963
0.890039
0.88229
0.649314
0.0240312
0.893216
0.275973
0.270608
0.101536
0.515234
0.544425
0.14831
0.645844
0.695831
0.828036
0.798429
0.199061
0.622663
0.0895113
0.416638
0.442593
0.657649
0.109514
0.598463
0.368425
0.117827
0.323338
0.338546
0.939454
0.407079
0.777117
0.999296
0.174372
0.665191
0.869374
0.567964
0.769805
0.107377
0.678989
0.770541
0.489374
0.903619
0.127917
0.900638
0.0239549
0.610137
0.576371
0.067271
0.622958
0.0560313
0.718541
0.512794
0.527566
0.805169
0.470597
0.317339
0.520775
0.670925
0.233995
0.755804
0.803797
0.414175
0.0457718
0.286431
0.0514794
0.214717
0.744555
0.740786
0.389199
0.268548
0.492533
0.999211
0.737936
0.482631
0.579749
0.840051
0.736585
0.776236
0.204218
0.298137
0.785639
0.238884
0.923619
0.258541
0.30626
0.314115
0.334798
0.953187
0.207303
0.146331
0.376832
0.422204
0.986786
0.915088
0.87552
0.86397
0.742025
0.216944
0.181875
0.777302
0.113839
0.294852
0.581185
0.982624
0.953928
0.6728
0.747622
0.28739
0.171726
0.200778
0.472867
0.470263
0.71495
0.1682
0.935111
0.41681
0.320411
0.154652
0.231327
0.921172
0.143759
0.162314
0.0050768
0.325856
0.662252
0.46246
0.559026
0.554637
0.77986
0.106809
0.140273
0.566655
0.767525
0.792032
0.681097
0.196015
0.42207
0.724136
0.551309
0.843241
0.35893
0.537086
0.802422
0.30106
0.914467
0.447133
0.970478
0.829571
0.59296
0.886575
0.668214
0.668161
0.783296
0.857893
0.608955
0.70774
0.978343
0.0148186
0.0564202
0.253802
0.643565
0.395364
0.883479
0.62962
0.025658
0.233698
0.754316
0.791057
0.299395
0.927065
0.18676
0.869701
0.0704572
0.174052
0.296858
0.285891
0.964916
0.343465
0.608986
0.22327
0.503986
0.492997
0.79926
0.164497
0.704128
0.271279
0.381244
0.563169
0.181406
0.899044
0.230161
0.309371
0.598887
0.498427
0.0681948
0.15078
0.157681
0.146383
0.261885
0.504514
0.370252
0.823906
0.39133
0.082515
0.829494
0.312316
0.0952257
0.458132
0.829774
0.0147039
0.128316
0.604315
0.716389
0.348863
0.34687
0.844476
